Interpolation error ( sum squared error * 10 ^ 6)
+--------+-------------+------------+------------+------------+------------+------------+------------+--------------------------------+
|   Id   | pts num: 10 | pts num: 9 | pts num: 8 | pts num: 7 | pts num: 6 | pts num: 5 | pts num: 4 |  ######### 5_best_pts ######## |
+========+=============+============+============+============+============+============+============+================================+
| Id 220 | 0.00000     | 0.00001    | 0.00002    | 0.00012    | 0.00065    | 0.01706    | 0.03920    | [ 40.  80. 160. 180. 220.]     |
+--------+-------------+------------+------------+------------+------------+------------+------------+--------------------------------+
| Id 200 | 0.00000     | 0.00004    | 0.00019    | 0.00032    | 0.00060    | 0.01437    | 0.04685    | [ 40.  80. 120. 180. 200.]     |
+--------+-------------+------------+------------+------------+------------+------------+------------+--------------------------------+
| Id 180 | 0.00003     | 0.00002    | 0.00003    | 0.00010    | 0.00038    | 0.05543    | 0.08113    | [ 40.  60. 100. 180. 200.]     |
+--------+-------------+------------+------------+------------+------------+------------+------------+--------------------------------+
| Id 160 | 0.00000     | 0.00000    | 0.00001    | 0.00005    | 0.00303    | 0.01076    | 0.16809    | [  0.  60. 100. 180. 220.]     |
+--------+-------------+------------+------------+------------+------------+------------+------------+--------------------------------+
| Id 140 | 0.00000     | 0.00003    | 0.00003    | 0.00025    | 0.00394    | 0.01193    | 0.28813    | [  0.  60.  80. 160. 200.]     |
+--------+-------------+------------+------------+------------+------------+------------+------------+--------------------------------+
| Id 120 | 0.00001     | 0.00001    | 0.00005    | 0.00013    | 0.00286    | 0.00286    | 0.68527    | [  0.  20.  80. 180. 220.]     |
+--------+-------------+------------+------------+------------+------------+------------+------------+--------------------------------+
| Id 100 | 0.00000     | 0.00000    | 0.00002    | 0.00018    | 0.00037    | 0.01864    | 1.73689    | [  0.  20.  60. 160. 200.]     |
+--------+-------------+------------+------------+------------+------------+------------+------------+--------------------------------+
| Id 80  | 0.00000     | 0.00000    | 0.00001    | 0.00003    | 0.00207    | 0.03136    | 4.27629    | [  0.  20.  60. 200. 220.]     |
+--------+-------------+------------+------------+------------+------------+------------+------------+--------------------------------+
| Id 60  | 0.00000     | 0.00001    | 0.00003    | 0.00010    | 0.00193    | 0.24436    | 8.34332    | [  0.  20.  40. 140. 200.]     |
+--------+-------------+------------+------------+------------+------------+------------+------------+--------------------------------+
| Id 40  | 0.00000     | 0.00003    | 0.00007    | 0.00092    | 0.02721    | 0.02641    | 19.33653   | [  0.  20.  40. 180. 220.]     |
+--------+-------------+------------+------------+------------+------------+------------+------------+--------------------------------+
| Id 20  | 0.00003     | 0.00004    | 0.00019    | 0.00172    | 0.12089    | 0.81021    | 44.65153   | [  0.  20.  40. 140. 200.]     |
+--------+-------------+------------+------------+------------+------------+------------+------------+--------------------------------+
| Id 0   | 0.00000     | 0.00002    | 0.00088    | 0.00177    | 0.26534    | 1.99828    | 68.74260   | [  0.  20.  40. 140. 200.]     |
+--------+-------------+------------+------------+------------+------------+------------+------------+--------------------------------+