Interpolation error ( sum squared error * 10 ^ 6)
+------------------------------------+--------------+--------------+--------------+--------------+--------------+--------------+--------------+-------------+-------------+-------------+-------------+------------+------------------+
| ######### Configuration ########## |     Iq 220   |     Iq 200   |     Iq 180   |     Iq 160   |     Iq 140   |     Iq 120   |     Iq 100   |     Iq 80   |     Iq 60   |     Iq 40   |     Iq 20   |     Iq 0   | error_per_config |
+====================================+==============+==============+==============+==============+==============+==============+==============+=============+=============+=============+=============+============+==================+
| [0, 220]                           | 0.02302      | 0.02713      | 0.03096      | 0.14242      | 0.65071      | 2.20473      | 6.20317      | 15.65854    | 38.84898    | 95.07237    | 213.30655   | 284.92591  | 54.75787         |
+------------------------------------+--------------+--------------+--------------+--------------+--------------+--------------+--------------+-------------+-------------+-------------+-------------+------------+------------------+
| [0, 100, 220]                      | 0.02965      | 0.02713      | 0.03159      | 0.03287      | 0.18148      | 0.91271      | 3.31710      | 15.65854    | 38.84898    | 95.07237    | 213.30655   | 284.92591  | 54.36207         |
+------------------------------------+--------------+--------------+--------------+--------------+--------------+--------------+--------------+-------------+-------------+-------------+-------------+------------+------------------+
| [0, 60, 140, 220]                  | 0.16110      | 0.03368      | 0.03159      | 0.03051      | 0.04150      | 0.91271      | 3.31710      | 9.94016     | 28.09012    | 95.07237    | 213.30655   | 284.92591  | 52.98861         |
+------------------------------------+--------------+--------------+--------------+--------------+--------------+--------------+--------------+-------------+-------------+-------------+-------------+------------+------------------+
| [0, 40, 100, 160, 220]             | 0.78903      | 0.21480      | 0.04507      | 0.03051      | 0.04150      | 0.29998      | 1.60738      | 9.94016     | 28.09012    | 75.52623    | 213.30655   | 284.92591  | 51.23477         |
+------------------------------------+--------------+--------------+--------------+--------------+--------------+--------------+--------------+-------------+-------------+-------------+-------------+------------+------------------+
| [0, 60, 100, 140, 180, 220]        | 2.96704      | 1.16900      | 0.33027      | 0.03051      | 0.02476      | 0.29998      | 1.60738      | 9.94016     | 28.09012    | 95.07237    | 213.30655   | 284.92591  | 53.14700         |
+------------------------------------+--------------+--------------+--------------+--------------+--------------+--------------+--------------+-------------+-------------+-------------+-------------+------------+------------------+
| [0, 40, 80, 100, 120, 200, 220]    | 10.28297     | 5.10294      | 0.33027      | 0.05793      | 0.02476      | 0.00596      | 0.58577      | 6.05725     | 28.09012    | 75.52623    | 213.30655   | 284.92591  | 52.02472         |
+------------------------------------+--------------+--------------+--------------+--------------+--------------+--------------+--------------+-------------+-------------+-------------+-------------+------------+------------------+

