Interpolation error ( sum squared error * 10 ^ 6)
+--------+-------------+------------+------------+------------+------------+------------+------------+--------------------------------+
|   Iq   | pts num: 10 | pts num: 9 | pts num: 8 | pts num: 7 | pts num: 6 | pts num: 5 | pts num: 4 |  ######### 5_best_pts ######## |
+========+=============+============+============+============+============+============+============+================================+
| Iq 220 | 0.00015     | 0.00024    | 0.00039    | 0.00442    | 0.05731    | 0.95977    | 13.82680   | [ 40.  60. 100. 180. 200.]     |
+--------+-------------+------------+------------+------------+------------+------------+------------+--------------------------------+
| Iq 200 | 0.00008     | 0.00008    | 0.00035    | 0.00203    | 0.19464    | 0.34677    | 20.11968   | [ 40.  60. 100. 140. 200.]     |
+--------+-------------+------------+------------+------------+------------+------------+------------+--------------------------------+
| Iq 180 | 0.00000     | 0.00004    | 0.00005    | 0.00276    | 0.07298    | 0.28819    | 25.05972   | [  0.  60. 100. 160. 200.]     |
+--------+-------------+------------+------------+------------+------------+------------+------------+--------------------------------+
| Iq 160 | 0.00006     | 0.00022    | 0.00022    | 0.02700    | 0.03871    | 1.16173    | 32.73271   | [ 40.  60.  80. 160. 200.]     |
+--------+-------------+------------+------------+------------+------------+------------+------------+--------------------------------+
| Iq 140 | 0.00007     | 0.00016    | 0.00092    | 0.00778    | 0.14515    | 0.27670    | 44.08621   | [  0.  60.  80. 160. 200.]     |
+--------+-------------+------------+------------+------------+------------+------------+------------+--------------------------------+
| Iq 120 | 0.00003     | 0.00019    | 0.00071    | 0.01951    | 0.21302    | 0.25275    | 60.36961   | [  0.  20.  80. 160. 200.]     |
+--------+-------------+------------+------------+------------+------------+------------+------------+--------------------------------+
| Iq 100 | 0.00001     | 0.00015    | 0.00048    | 0.00101    | 0.22488    | 0.30268    | 82.28748   | [  0.  20.  80. 140. 200.]     |
+--------+-------------+------------+------------+------------+------------+------------+------------+--------------------------------+
| Iq 80  | 0.00000     | 0.00031    | 0.00110    | 0.00553    | 0.48184    | 0.89951    | 111.69314  | [ 20.  40.  80. 160. 200.]     |
+--------+-------------+------------+------------+------------+------------+------------+------------+--------------------------------+
| Iq 60  | 0.00003     | 0.00054    | 0.00156    | 0.00834    | 0.30764    | 1.27612    | 151.90114  | [  0.  40.  60. 160. 200.]     |
+--------+-------------+------------+------------+------------+------------+------------+------------+--------------------------------+
| Iq 40  | 0.00002     | 0.00002    | 0.00237    | 0.01300    | 0.07378    | 0.56179    | 209.69793  | [  0.  40.  60.  80. 200.]     |
+--------+-------------+------------+------------+------------+------------+------------+------------+--------------------------------+
| Iq 20  | 0.00007     | 0.00022    | 0.00038    | 0.00397    | 0.06582    | 0.07533    | 300.82175  | [  0.  40.  60. 120. 160.]     |
+--------+-------------+------------+------------+------------+------------+------------+------------+--------------------------------+
| Iq 0   | 0.00012     | 0.00059    | 0.00222    | 0.06533    | 0.06275    | 1.64386    | 448.40119  | [  0.  40.  60. 140. 200.]     |
+--------+-------------+------------+------------+------------+------------+------------+------------+--------------------------------+

