Interpolation error ( sum squared error * 10 ^ 6)
+------------------------------------+--------------+--------------+--------------+--------------+--------------+--------------+--------------+-------------+-------------+-------------+-------------+------------+------------------+
| ######### Configuration ########## |     Iq 220   |     Iq 200   |     Iq 180   |     Iq 160   |     Iq 140   |     Iq 120   |     Iq 100   |     Iq 80   |     Iq 60   |     Iq 40   |     Iq 20   |     Iq 0   | error_per_config |
+====================================+==============+==============+==============+==============+==============+==============+==============+=============+=============+=============+=============+============+==================+
| [0, 220]                           | 1.45456      | 1.18987      | 1.48791      | 2.10521      | 2.93561      | 3.85024      | 4.75571      | 5.58026     | 6.36392     | 7.35923     | 9.84665     | 15.48245   | 5.20097          |
+------------------------------------+--------------+--------------+--------------+--------------+--------------+--------------+--------------+-------------+-------------+-------------+-------------+------------+------------------+
| [0, 100, 220]                      | 1.45456      | 1.19213      | 1.01345      | 0.81561      | 0.63741      | 0.51675      | 0.50861      | 1.38016     | 2.85458     | 5.02187     | 8.86879     | 15.48245   | 3.31220          |
+------------------------------------+--------------+--------------+--------------+--------------+--------------+--------------+--------------+-------------+-------------+-------------+-------------+------------+------------------+
| [0, 60, 140, 220]                  | 1.45456      | 1.19886      | 0.96188      | 0.67632      | 0.41894      | 0.44792      | 0.65882      | 1.02713     | 1.69184     | 3.92964     | 8.27819     | 15.48245   | 3.01888          |
+------------------------------------+--------------+--------------+--------------+--------------+--------------+--------------+--------------+-------------+-------------+-------------+-------------+------------+------------------+
| [0, 40, 100, 160, 220]             | 1.45456      | 1.20322      | 0.95551      | 0.65574      | 0.47452      | 0.42650      | 0.50861      | 1.01988     | 1.85444     | 3.33944     | 7.83085     | 15.48245   | 2.93381          |
+------------------------------------+--------------+--------------+--------------+--------------+--------------+--------------+--------------+-------------+-------------+-------------+-------------+------------+------------------+
| [0, 60, 100, 140, 180, 220]        | 1.45456      | 1.20602      | 0.95030      | 0.65916      | 0.41894      | 0.38716      | 0.50861      | 0.94176     | 1.69184     | 3.92964     | 8.27819     | 15.48245   | 2.99239          |
+------------------------------------+--------------+--------------+--------------+--------------+--------------+--------------+--------------+-------------+-------------+-------------+-------------+------------+------------------+
| [0, 40, 80, 100, 120, 200, 220]    | 1.45456      | 1.22178      | 0.95631      | 0.69098      | 0.47101      | 0.34468      | 0.50861      | 0.90541     | 1.78501     | 3.33944     | 7.83085     | 15.48245   | 2.91593          |
+------------------------------------+--------------+--------------+--------------+--------------+--------------+--------------+--------------+-------------+-------------+-------------+-------------+------------+------------------+