   0.0000000e+00   2.0000000e+01   4.0000000e+01   6.0000000e+01   8.0000000e+01   1.0000000e+02   1.2000000e+02   1.4000000e+02   1.6000000e+02   1.8000000e+02   2.0000000e+02   2.2000000e+02
   2.6385683e-05   1.8566235e-05   1.0897785e-05   3.4195362e-06  -4.2824158e-06  -1.1140620e-05  -1.9975635e-05  -3.0104842e-05  -4.3960783e-05  -5.3252745e-05  -3.6718047e-05   0.0000000e+00
   6.2433810e-02   6.5657176e-02   6.9223888e-02   7.3192658e-02   7.7490572e-02   8.2060358e-02   8.6870954e-02   9.2018196e-02   9.7656544e-02   1.0406767e-01   1.1173969e-01   1.2081221e-01
   1.0841935e-01   1.1317953e-01   1.1804044e-01   1.2294796e-01   1.2792570e-01   1.3301350e-01   1.3827379e-01   1.4363257e-01   1.4901781e-01   1.5464175e-01   1.6059269e-01   1.6600134e-01
   1.3783251e-01   1.4220969e-01   1.4636957e-01   1.5027023e-01   1.5404485e-01   1.5786320e-01   1.6177552e-01   1.6574167e-01   1.6973029e-01   1.7375220e-01   1.7756097e-01   1.8052537e-01
   1.5564667e-01   1.5898517e-01   1.6227744e-01   1.6560479e-01   1.6895250e-01   1.7224314e-01   1.7549161e-01   1.7874441e-01   1.8191001e-01   1.8497314e-01   1.8786705e-01   1.8979866e-01
   1.6737137e-01   1.7038150e-01   1.7342253e-01   1.7643803e-01   1.7935817e-01   1.8223594e-01   1.8505898e-01   1.8774941e-01   1.9035219e-01   1.9278551e-01   1.9509484e-01   1.9644351e-01
   1.7638725e-01   1.7918863e-01   1.8193032e-01   1.8458923e-01   1.8718516e-01   1.8968199e-01   1.9207943e-01   1.9439762e-01   1.9658951e-01   1.9869733e-01   2.0068334e-01   2.0169338e-01
   1.8358286e-01   1.8611991e-01   1.8860431e-01   1.9102139e-01   1.9334807e-01   1.9558289e-01   1.9772419e-01   1.9974507e-01   2.0168113e-01   2.0348880e-01   2.0514289e-01   2.0594191e-01
   1.8955409e-01   1.9189200e-01   1.9415298e-01   1.9632623e-01   1.9843112e-01   2.0044187e-01   2.0235362e-01   2.0419802e-01   2.0594944e-01   2.0758498e-01   2.0901493e-01   2.0961936e-01
   1.9458365e-01   1.9675241e-01   1.9883636e-01   2.0082112e-01   2.0274365e-01   2.0458285e-01   2.0633254e-01   2.0802511e-01   2.0963077e-01   2.1112432e-01   2.1237167e-01   2.1291724e-01
   1.9907132e-01   2.0105364e-01   2.0297266e-01   2.0482889e-01   2.0659894e-01   2.0829842e-01   2.0993233e-01   2.1149439e-01   2.1295967e-01   2.1430219e-01   2.1538032e-01   2.1582123e-01
   2.0307605e-01   2.0493934e-01   2.0674102e-01   2.0846788e-01   2.1012219e-01   2.1168682e-01   2.1321770e-01   2.1466940e-01   2.1601031e-01   2.1721959e-01   2.1814800e-01   2.1849489e-01
