Interpolation error ( sum squared error * 10 ^ 6)
+------------------------------------+--------------+--------------+--------------+--------------+--------------+--------------+--------------+--------------+--------------+-------------+-------------+-------------+-------------+-------------+-------------+-------------+-------------+-------------+------------+------------------+
| ######### Configuration ########## |     Iq 180   |     Iq 170   |     Iq 160   |     Iq 150   |     Iq 140   |     Iq 130   |     Iq 120   |     Iq 110   |     Iq 100   |     Iq 90   |     Iq 80   |     Iq 70   |     Iq 60   |     Iq 50   |     Iq 40   |     Iq 30   |     Iq 20   |     Iq 10   |     Iq 0   | error_per_config |
+====================================+==============+==============+==============+==============+==============+==============+==============+==============+==============+=============+=============+=============+=============+=============+=============+=============+=============+=============+============+==================+
| [0, 180]                           | 3.34054      | 2.08181      | 1.26152      | 0.97971      | 1.31329      | 2.25348      | 3.81050      | 6.01426      | 8.91706      | 12.59980    | 17.17090    | 22.76678    | 29.59701    | 37.88981    | 47.98498    | 60.16235    | 74.75219    | 92.17291    | 112.81460  | 28.30966         |
+------------------------------------+--------------+--------------+--------------+--------------+--------------+--------------+--------------+--------------+--------------+-------------+-------------+-------------+-------------+-------------+-------------+-------------+-------------+-------------+------------+------------------+
| [0, 90, 180]                       | 2.89259      | 2.08181      | 1.46208      | 1.09091      | 1.01401      | 1.21937      | 1.70816      | 2.49735      | 3.62476      | 5.15411     | 17.17090    | 22.76678    | 29.59701    | 37.88981    | 47.98498    | 60.16235    | 74.75219    | 92.17291    | 112.81460  | 27.26614         |
+------------------------------------+--------------+--------------+--------------+--------------+--------------+--------------+--------------+--------------+--------------+-------------+-------------+-------------+-------------+-------------+-------------+-------------+-------------+-------------+------------+------------------+
| [0, 70, 120, 180]                  | 2.32953      | 1.84310      | 1.46208      | 1.20791      | 1.10060      | 1.11956      | 1.25772      | 2.49735      | 3.62476      | 5.15411     | 7.16839     | 9.78091     | 29.59701    | 37.88981    | 47.98498    | 60.16235    | 74.75219    | 92.17291    | 112.81460  | 25.99578         |
+------------------------------------+--------------+--------------+--------------+--------------+--------------+--------------+--------------+--------------+--------------+-------------+-------------+-------------+-------------+-------------+-------------+-------------+-------------+-------------+------------+------------------+
| [0, 60, 110, 150, 180]             | 2.12655      | 1.68497      | 1.38496      | 1.20791      | 1.10060      | 1.11956      | 1.25772      | 1.52173      | 3.62476      | 5.15411     | 7.16839     | 9.78091     | 13.15542    | 37.88981    | 47.98498    | 60.16235    | 74.75219    | 92.17291    | 112.81460  | 25.05602         |
+------------------------------------+--------------+--------------+--------------+--------------+--------------+--------------+--------------+--------------+--------------+-------------+-------------+-------------+-------------+-------------+-------------+-------------+-------------+-------------+------------+------------------+
| [0, 20, 60, 90, 140, 180]          | 3.09096      | 2.25333      | 1.67202      | 1.31125      | 1.14472      | 1.15666      | 1.22467      | 1.34189      | 1.51912      | 1.78346     | 3.43802     | 4.68048     | 6.41247     | 17.48071    | 23.02978    | 30.05399    | 38.85200    | 92.17291    | 112.81460  | 18.18069         |
+------------------------------------+--------------+--------------+--------------+--------------+--------------+--------------+--------------+--------------+--------------+-------------+-------------+-------------+-------------+-------------+-------------+-------------+-------------+-------------+------------+------------------+
| [0, 20, 50, 70, 100, 130, 180]     | 3.59591      | 2.55127      | 1.82683      | 1.37498      | 1.15987      | 1.11429      | 1.18678      | 1.34792      | 1.60283      | 1.78346     | 2.17791     | 2.77115     | 6.41247     | 8.79244     | 23.02978    | 30.05399    | 38.85200    | 92.17291    | 112.81460  | 17.61165         |
+------------------------------------+--------------+--------------+--------------+--------------+--------------+--------------+--------------+--------------+--------------+-------------+-------------+-------------+-------------+-------------+-------------+-------------+-------------+-------------+------------+------------------+
| [0, 30, 60, 90, 120, 150, 170,     | 4.08377      | 2.84478      | 1.82683      | 1.37498      | 1.14472      | 1.11429      | 1.18678      | 1.34189      | 1.51912      | 1.78346     | 3.43802     | 4.68048     | 6.41247     | 17.48071    | 23.02978    | 30.05399    | 74.75219    | 92.17291    | 112.81460  | 20.16083         |
| 180]                               |              |              |              |              |              |              |              |              |              |             |             |             |             |             |             |             |             |             |            |                  |
+------------------------------------+--------------+--------------+--------------+--------------+--------------+--------------+--------------+--------------+--------------+-------------+-------------+-------------+-------------+-------------+-------------+-------------+-------------+-------------+------------+------------------+
| [0, 10, 30, 50, 80, 110, 130, 150, | 4.31699      | 2.95423      | 2.02056      | 1.43992      | 1.17669      | 1.11044      | 1.19677      | 1.38640      | 1.60283      | 1.96569     | 2.47321     | 2.77115     | 3.65592     | 4.95440     | 12.04385    | 16.39397    | 38.85200    | 49.80925    | 112.81460  | 13.83889         |
| 180]                               |              |              |              |              |              |              |              |              |              |             |             |             |             |             |             |             |             |             |            |                  |
+------------------------------------+--------------+--------------+--------------+--------------+--------------+--------------+--------------+--------------+--------------+-------------+-------------+-------------+-------------+-------------+-------------+-------------+-------------+-------------+------------+------------------+
| [0, 20, 60, 40, 60, 80, 100, 120,  | 5.69986      | 3.80772      | 2.51663      | 1.41080      | 1.12124      | 1.08976      | 1.18447      | 1.40863      | 1.73862      | 2.08935     | 2.63788     | 3.17964     | 6.41247     | 8.79244     | 12.04385    | 30.05399    | 38.85200    | 92.17291    | 112.81460  | 17.31720         |
| 140, 160, 180]                     |              |              |              |              |              |              |              |              |              |             |             |             |             |             |             |             |             |             |            |                  |
+------------------------------------+--------------+--------------+--------------+--------------+--------------+--------------+--------------+--------------+--------------+-------------+-------------+-------------+-------------+-------------+-------------+-------------+-------------+-------------+------------+------------------+
