Interpolation error ( sum squared error * 10 ^ 6)
+------------+-------------+-------------+-------------+------------+------------+------------+------------+------------+------------+------------+----------------------+
|    alfa    | pts num: 12 | pts num: 11 | pts num: 10 | pts num: 9 | pts num: 8 | pts num: 7 | pts num: 6 | pts num: 5 | pts num: 4 | pts num: 3 |      Best 5 Points   |
+============+=============+=============+=============+============+============+============+============+============+============+============+======================+
| alfa 0 gr  | 0.00000     | 0.00001     | 0.00020     | 0.00493    | 0.01877    | 0.05517    | 0.06046    | 0.96847    | 12.00729   | 189.81039  | [0.8 1.  1.4 2.2     |
|            |             |             |             |            |            |            |            |            |            |            | 2.4]                 |
+------------+-------------+-------------+-------------+------------+------------+------------+------------+------------+------------+------------+----------------------+
| alfa 1 gr  | 0.00727     | 0.00897     | 0.02941     | 0.03062    | 0.04849    | 0.12695    | 0.23732    | 2.56450    | 12.72468   | 189.40668  | [0.6 0.8 1.4 2.      |
|            |             |             |             |            |            |            |            |            |            |            | 2.4]                 |
+------------+-------------+-------------+-------------+------------+------------+------------+------------+------------+------------+------------+----------------------+
| alfa 2 gr  | 0.00559     | 0.02256     | 0.08691     | 0.08645    | 0.13369    | 0.26246    | 0.34537    | 2.17817    | 13.98469   | 192.97970  | [0.6 1.  1.4 2.2     |
|            |             |             |             |            |            |            |            |            |            |            | 2.4]                 |
+------------+-------------+-------------+-------------+------------+------------+------------+------------+------------+------------+------------+----------------------+
| alfa 3 gr  | 0.00016     | 0.00185     | 0.02132     | 0.02315    | 0.05852    | 0.07559    | 0.63137    | 9.54711    | 13.39844   | 201.86244  | [0.6 0.8 1.2 2.4     |
|            |             |             |             |            |            |            |            |            |            |            | 2.6]                 |
+------------+-------------+-------------+-------------+------------+------------+------------+------------+------------+------------+------------+----------------------+
| alfa 4 gr  | 0.00010     | 0.02783     | 0.06280     | 0.09938    | 0.11314    | 0.15414    | 0.19542    | 1.50518    | 14.98027   | 191.88001  | [0.6 0.8 1.4 2.      |
|            |             |             |             |            |            |            |            |            |            |            | 2.4]                 |
+------------+-------------+-------------+-------------+------------+------------+------------+------------+------------+------------+------------+----------------------+
| alfa 5 gr  | 0.01283     | 0.06962     | 0.06560     | 0.17128    | 0.17037    | 0.32106    | 0.34747    | 5.28341    | 15.04079   | 177.55443  | [0.6 1.  1.4 2.      |
|            |             |             |             |            |            |            |            |            |            |            | 2.4]                 |
+------------+-------------+-------------+-------------+------------+------------+------------+------------+------------+------------+------------+----------------------+
| alfa 6 gr  | 0.00004     | 0.03449     | 0.04241     | 0.11730    | 0.13604    | 0.31236    | 1.32613    | 7.42060    | 9.81284    | 148.70283  | [0.6 0.8 1.4 2.      |
|            |             |             |             |            |            |            |            |            |            |            | 2.2]                 |
+------------+-------------+-------------+-------------+------------+------------+------------+------------+------------+------------+------------+----------------------+
| alfa 7 gr  | 0.00019     | 0.00657     | 0.04977     | 0.10113    | 0.34016    | 0.34766    | 0.60458    | 2.67900    | 4.76514    | 98.96663   | [1.  1.4 1.6 2.2     |
|            |             |             |             |            |            |            |            |            |            |            | 2.6]                 |
+------------+-------------+-------------+-------------+------------+------------+------------+------------+------------+------------+------------+----------------------+
| alfa 8 gr  | 0.00090     | 0.01124     | 0.06813     | 0.26200    | 0.46129    | 0.78577    | 1.50411    | 2.60963    | 4.16625    | 92.03787   | [1.  1.4 1.8 2.4     |
|            |             |             |             |            |            |            |            |            |            |            | 2.6]                 |
+------------+-------------+-------------+-------------+------------+------------+------------+------------+------------+------------+------------+----------------------+
| alfa 9 gr  | 0.01809     | 0.02171     | 0.32165     | 0.32469    | 1.22057    | 2.41434    | 2.42818    | 3.76084    | 3.40835    | 64.14796   | [0.6 1.  1.6 1.8     |
|            |             |             |             |            |            |            |            |            |            |            | 2.2]                 |
+------------+-------------+-------------+-------------+------------+------------+------------+------------+------------+------------+------------+----------------------+
| alfa 10 gr | 0.00014     | 0.01716     | 0.03677     | 0.72491    | 2.40940    | 1.28469    | 1.58995    | 2.80464    | 2.10927    | 47.11680   | [0.4 0.8 1.2 1.8     |
|            |             |             |             |            |            |            |            |            |            |            | 2.6]                 |
+------------+-------------+-------------+-------------+------------+------------+------------+------------+------------+------------+------------+----------------------+
| alfa 11 gr | 0.07873     | 0.28469     | 0.71827     | 1.17879    | 1.26365    | 2.86899    | 4.16501    | 5.82951    | 5.30224    | 30.03525   | [0.2 0.8 1.2 2.4     |
|            |             |             |             |            |            |            |            |            |            |            | 2.6]                 |
+------------+-------------+-------------+-------------+------------+------------+------------+------------+------------+------------+------------+----------------------+
| alfa 12 gr | 0.06056     | 0.13752     | 0.31534     | 0.70500    | 0.82811    | 1.34939    | 2.61346    | 7.33396    | 12.39169   | 14.96294   | [0.4 1.4 1.8 2.4     |
|            |             |             |             |            |            |            |            |            |            |            | 2.6]                 |
+------------+-------------+-------------+-------------+------------+------------+------------+------------+------------+------------+------------+----------------------+
| alfa 13 gr | 0.01266     | 0.06009     | 0.12566     | 0.18338    | 0.33357    | 0.72016    | 1.60645    | 4.24172    | 8.83277    | 11.33867   | [0.4 1.2 1.8 2.2     |
|            |             |             |             |            |            |            |            |            |            |            | 2.6]                 |
+------------+-------------+-------------+-------------+------------+------------+------------+------------+------------+------------+------------+----------------------+
| alfa 14 gr | 0.00116     | 0.02018     | 0.81662     | 0.96554    | 1.38443    | 1.37084    | 4.09768    | 7.38782    | 19.18300   | 19.37445   | [0.4 1.2 1.8 2.4     |
|            |             |             |             |            |            |            |            |            |            |            | 2.6]                 |
+------------+-------------+-------------+-------------+------------+------------+------------+------------+------------+------------+------------+----------------------+
| alfa 15 gr | 0.00139     | 0.15315     | 0.19366     | 0.58058    | 0.63404    | 0.88763    | 2.21512    | 15.83718   | 28.33703   | 35.39074   | [0.4 0.8 1.8 2.2     |
|            |             |             |             |            |            |            |            |            |            |            | 2.4]                 |
+------------+-------------+-------------+-------------+------------+------------+------------+------------+------------+------------+------------+----------------------+
| alfa 16 gr | 0.02435     | 0.14296     | 0.20566     | 1.01953    | 1.04001    | 1.06085    | 1.81897    | 14.24560   | 28.75388   | 42.42268   | [0.4 1.  1.8 2.2     |
|            |             |             |             |            |            |            |            |            |            |            | 2.6]                 |
+------------+-------------+-------------+-------------+------------+------------+------------+------------+------------+------------+------------+----------------------+
| alfa 17 gr | 0.00098     | 0.00117     | 0.01914     | 2.48817    | 1.47495    | 1.47902    | 1.81540    | 19.98649   | 32.24543   | 69.69159   | [0.4 1.  1.8 2.2     |
|            |             |             |             |            |            |            |            |            |            |            | 2.6]                 |
+------------+-------------+-------------+-------------+------------+------------+------------+------------+------------+------------+------------+----------------------+
| alfa 18 gr | 0.00515     | 0.11983     | 0.12001     | 0.36473    | 2.42315    | 3.31755    | 3.88707    | 17.14261   | 26.05424   | 111.67992  | [0.4 1.  1.8 2.      |
|            |             |             |             |            |            |            |            |            |            |            | 2.6]                 |
+------------+-------------+-------------+-------------+------------+------------+------------+------------+------------+------------+------------+----------------------+
| alfa 19 gr | 0.01334     | 0.79284     | 0.86437     | 3.96374    | 3.45678    | 3.45267    | 5.15174    | 17.17219   | 36.33410   | 149.61214  | [1.  1.6 1.8 2.2     |
|            |             |             |             |            |            |            |            |            |            |            | 2.6]                 |
+------------+-------------+-------------+-------------+------------+------------+------------+------------+------------+------------+------------+----------------------+
| alfa 20 gr | 0.01808     | 0.03597     | 0.13878     | 0.15668    | 2.13715    | 1.91954    | 2.02994    | 9.47569    | 41.41549   | 197.23950  | [0.6 1.  1.8 2.      |
|            |             |             |             |            |            |            |            |            |            |            | 2.4]                 |
+------------+-------------+-------------+-------------+------------+------------+------------+------------+------------+------------+------------+----------------------+
| alfa 21 gr | 0.00130     | 0.19158     | 0.51959     | 0.82381    | 1.17559    | 3.44216    | 4.75739    | 15.54789   | 49.25611   | 139.40794  | [0.8 1.  1.8 2.2     |
|            |             |             |             |            |            |            |            |            |            |            | 2.4]                 |
+------------+-------------+-------------+-------------+------------+------------+------------+------------+------------+------------+------------+----------------------+
| alfa 22 gr | 0.00072     | 0.03401     | 0.07836     | 0.13804    | 1.66364    | 1.92640    | 4.61844    | 14.47369   | 39.89221   | 97.85726   | [0.6 0.8 1.6 2.2     |
|            |             |             |             |            |            |            |            |            |            |            | 2.6]                 |
+------------+-------------+-------------+-------------+------------+------------+------------+------------+------------+------------+------------+----------------------+
| alfa 23 gr | 0.05878     | 0.15318     | 0.22009     | 0.38299    | 3.93078    | 3.51332    | 4.93308    | 9.93708    | 39.32973   | 110.02796  | [0.6 1.  1.6 2.2     |
|            |             |             |             |            |            |            |            |            |            |            | 2.4]                 |
+------------+-------------+-------------+-------------+------------+------------+------------+------------+------------+------------+------------+----------------------+
| alfa 24 gr | 0.00038     | 0.02800     | 0.07431     | 0.07817    | 1.62848    | 1.76195    | 4.60133    | 11.32979   | 32.04268   | 117.47735  | [0.8 1.4 1.6 2.2     |
|            |             |             |             |            |            |            |            |            |            |            | 2.6]                 |
+------------+-------------+-------------+-------------+------------+------------+------------+------------+------------+------------+------------+----------------------+
| alfa 25 gr | 0.03429     | 0.09945     | 0.28201     | 0.59742    | 0.59681    | 0.65094    | 0.81095    | 7.15502    | 28.59310   | 105.36957  | [0.6 1.6 1.8 2.2     |
|            |             |             |             |            |            |            |            |            |            |            | 2.6]                 |
+------------+-------------+-------------+-------------+------------+------------+------------+------------+------------+------------+------------+----------------------+
| alfa 26 gr | 0.00136     | 0.14210     | 0.38774     | 0.75483    | 0.86771    | 1.14512    | 2.96518    | 10.13586   | 30.43319   | 71.45162   | [0.2 1.2 1.6 2.2     |
|            |             |             |             |            |            |            |            |            |            |            | 2.6]                 |
+------------+-------------+-------------+-------------+------------+------------+------------+------------+------------+------------+------------+----------------------+
| alfa 27 gr | 0.00812     | 0.01105     | 0.01536     | 0.22657    | 0.22536    | 0.49029    | 0.84577    | 10.41812   | 15.66333   | 60.39499   | [0.4 1.2 1.8 2.2     |
|            |             |             |             |            |            |            |            |            |            |            | 2.6]                 |
+------------+-------------+-------------+-------------+------------+------------+------------+------------+------------+------------+------------+----------------------+
| alfa 28 gr | 0.00282     | 0.00394     | 0.00720     | 0.08242    | 0.35505    | 0.64479    | 4.50185    | 16.25291   | 16.62037   | 48.08653   | [0.4 0.8 1.6 2.2     |
|            |             |             |             |            |            |            |            |            |            |            | 2.6]                 |
+------------+-------------+-------------+-------------+------------+------------+------------+------------+------------+------------+------------+----------------------+
| alfa 29 gr | 0.00245     | 0.00830     | 0.02338     | 0.05432    | 0.33126    | 0.81757    | 2.39188    | 5.36043    | 5.95517    | 17.18217   | [0.4 0.8 1.8 2.4     |
|            |             |             |             |            |            |            |            |            |            |            | 2.6]                 |
+------------+-------------+-------------+-------------+------------+------------+------------+------------+------------+------------+------------+----------------------+
| alfa 30 gr | 0.00278     | 0.00735     | 0.12432     | 0.22381    | 0.23995    | 0.23949    | 0.25863    | 0.68312    | 1.63923    | 4.52621    | [0.8 1.2 2.  2.4     |
|            |             |             |             |            |            |            |            |            |            |            | 2.6]                 |
+------------+-------------+-------------+-------------+------------+------------+------------+------------+------------+------------+------------+----------------------+
