0 10 20 30 40 50 60 70 80 90 100 110 120 130 140 150 160 170 180
 -0.04841653122041295 -0.04349106023381157 -0.03889952979760999 -0.03451108520534722 -0.03026829973514804 -0.02612855569954194 -0.02205992389659191 -0.01804981000752588 -0.01407975441218702 -0.01015518189370466 -0.006260847518220836 -0.002391040136872724 0.001437040408470246 0.005235614313605742 0.009012561255007665 0.01276572887087248 0.01649400229783037 0.02019736825682514 0.02387205953735035
 -0.04850704184476354 -0.04358060148706018 -0.03898888918552382 -0.03460067091456658 -0.03036006898308546 -0.02622601242498114 -0.02216724118727861 -0.01815643736464089 -0.01418174795604153 -0.01024359962332944 -0.006340572084842425 -0.002474147976071762 0.001364159174589363 0.00517076921812171 0.008949799816645138 0.01270005008159973 0.01642698521063364 0.02012611515070338 0.02379723321041257
 -0.04870610182527527 -0.04379098792515288 -0.03921213090471029 -0.03483910502873651 -0.03060877819999616 -0.02647470605343458 -0.02240909898854484 -0.01839779922202589 -0.01442699538073816 -0.01049408996582059 -0.006589095394966443 -0.002714876480211454 0.001133138237875827 0.004950801074961539 0.008736894399327965 0.01249391120943746 0.01621495216957321 0.01990234342396979 0.02355908372992534
 -0.04894130104588693 -0.04396326289462611 -0.03933278209986393 -0.03497812750945575 -0.03078502360727061 -0.02668664267700005 -0.02265576900430476 -0.01867580088219419 -0.01473531312619135 -0.01082869677843105 -0.006947400704076333 -0.00308579400595179 0.0007483648830252099 0.00456328530633227 0.008347864818292878 0.01210260917774284 0.01581744997333777 0.01949378092862748 0.02312516170135916
 -0.04922713099835517 -0.04417833106605167 -0.0394183910204291 -0.03497257744131804 -0.03077480219810487 -0.02671351255852814 -0.02273569910762218 -0.01881294870658938 -0.01492513319299497 -0.01107011810289377 -0.007236738636780177 -0.003426806519798912 0.0003631694851278141 0.004127082166852508 0.007861857135191747 0.01156675364975015 0.01523623492144619 0.01886885988400797 0.02246008652286778
 -0.0492274999251772 -0.04419634035299849 -0.03945889907001598 -0.03488558576685816 -0.03061782527871436 -0.02654612370438306 -0.0226000708691355 -0.0187320659753278 -0.01491312892619798 -0.01113076528457052 -0.007374067749159894 -0.003644139058980228 6.196007618889295e-05 0.003740226309580925 0.007394180900487652 0.01100928270502926 0.01458643989517918 0.01811705110662705 0.02159920877408344
 -0.04881360329069784 -0.04388322136270673 -0.03924339153503557 -0.03469468836445222 -0.03035215697499648 -0.02625509529009103 -0.02231846538858691 -0.01849073356280654 -0.01473233804025421 -0.01102322282727884 -0.007355396241454296 -0.003722595764410683 -0.00012631269189331 0.003439869069639329 0.006967697452789698 0.01045460555826097 0.01389340826195311 0.01728709161945834 0.02063269728799735
 -0.04815599325118709 -0.0433502017792363 -0.03881711593343452 -0.03437878885526405 -0.03002709664908707 -0.02592891548200966 -0.02201030064095507 -0.01822619166946385 -0.01452531235807847 -0.01087957403885258 -0.007281142068633284 -0.003723290894134789 -0.0002122097102428 0.003256238197721408 0.006659504414994655 0.01000218349501914 0.01328285573348293 0.0165236896486721 0.01973519821163831
 -0.04736540732032631 -0.04271311480974442 -0.03831031959919068 -0.03398424269240684 -0.02970650328221039 -0.02562308149741453 -0.02173529080988171 -0.01798102449645463 -0.01432154639552256 -0.01072623038470608 -0.007184227475096843 -0.003690681573580688 -0.0002531859908979963 0.003114174235784074 0.006404355433181417 0.00961558802271896 0.01277435852534605 0.0158950729849795 0.01898614570444249
 -0.04654625756224765 -0.04205673279425624 -0.03779144047851322 -0.03359227208910051 -0.02940662755239329 -0.02533748652650585 -0.02146816873818601 -0.01774582585319323 -0.01411745423006457 -0.01056392452233095 -0.007069041477591358 -0.00363407295703691 -0.0002748943610195268 0.003000297091338847 0.006182001101358687 0.009291807105006072 0.01235342803253717 0.01537359174663882 0.01834967534503813
 -0.0457619353044573 -0.04142433795040208 -0.03728198544627977 -0.03318960318530609 -0.02909730752687279 -0.02505892252717535 -0.02121307460464835 -0.01751021267243856 -0.01391766332411203 -0.01039898247862671 -0.006948617758443784 -0.003568556980540075 -0.0002746790093691211 0.002911169798233239 0.005999771458544097 0.009020726142514549 0.01198994793296453 0.01490904994654616 0.01779549702890242
 -0.04502581197918974 -0.04081315726483901 -0.03676943062045102 -0.03277774921607914 -0.02878333405818263 -0.02478586933616427 -0.02096658414482214 -0.01729114692774913 -0.01372134748942976 -0.01023546533538683 -0.006826227584279351 -0.003499970655311699 -0.0002772170411524758 0.002828809627632799 0.005846351594162071 0.008795716576803803 0.01167842704821788 0.01450807036963939 0.01731058053781006
 -0.04432937917552786 -0.0402289688590611 -0.03626311579633169 -0.03235888159578206 -0.02845650126694681 -0.02452768811073725 -0.02071935698605245 -0.01706923080478071 -0.01352738031564255 -0.01007649193876546 -0.006709535857271826 -0.003436272754812545 -0.0002830563617750627 0.002753396712821515 0.00570485170343773 0.008581890863157549 0.01138900655442554 0.01415142494255342 0.01688439962165316
 -0.04367624244590279 -0.0396780306326361 -0.03578469853721958 -0.03195395294303403 -0.02812231649738312 -0.02425657712603172 -0.02046876676196473 -0.01685144158153647 -0.01334511372241072 -0.009928135436244226 -0.006601731282957925 -0.003380253612893611 -0.0002882334616388834 0.002689014652253375 0.005578983571251694 0.008390099722534908 0.01113130972587437 0.01383375874154151 0.01649430482937142
 -0.04305266143125808 -0.03914380380975278 -0.03532459771539753 -0.03154595682830581 -0.02777882080002822 -0.02398417287672321 -0.02023775044405335 -0.01664428657290042 -0.01317031861901249 -0.009791988737215812 -0.00650705623111567 -0.003334258426348347 -0.0002960958176047116 0.002631773837164832 0.005469350528635281 0.008223082681963196 0.01090426904191662 0.01354811238645887 0.01614238963304091
 -0.04244792397469917 -0.03862290454048344 -0.03487434706651811 -0.0311455101456975 -0.02744020428979823 -0.02372016041357738 -0.02001478873974743 -0.01644159736859656 -0.01300219941677689 -0.009663103372523 -0.006420839360717051 -0.003297781436340953 -0.000309205132816931 0.00257306251094067 0.005361864074319706 0.008062928026691066 0.01069967920052659 0.01328786597911896 0.01581841299358678
 -0.0418694802040997 -0.03811175036640775 -0.03442642775802569 -0.03076354386785567 -0.02710855639731738 -0.02345173583967439 -0.01979454866461047 -0.01625652947185863 -0.01285205543782224 -0.009547956057485549 -0.00634357141949086 -0.003264056675066782 -0.0003177146984345153 0.002521062881595838 0.005261167836520073 0.007911208458851801 0.01050259664468683 0.01304180275849195 0.01551762389564383
 -0.04131744847626484 -0.03761921111971127 -0.0339987324521127 -0.03039973583333014 -0.02678482801847898 -0.02318491399011867 -0.01958746813415915 -0.01608814988465163 -0.01271171602113898 -0.009443417553644463 -0.006283017768557719 -0.003240668215661907 -0.0003324769674674192 0.002468809795482839 0.005169713821829629 0.007779132079221174 0.01032646439806515 0.01281372746285182 0.01523613908130151
 -0.04077635060782792 -0.03715148407818349 -0.03359311213374219 -0.03004351649074283 -0.02647594966591441 -0.02292908604438887 -0.01939697603164219 -0.01593549327732548 -0.01258866997706874 -0.009357582889124041 -0.006233217266388225 -0.003227131083900223 -0.0003548908596179012 0.002412338010952859 0.005081297824255667 0.007657036353694033 0.01017168025499703 0.01260975192214821 0.01497873843343842


