   0.0000000e+00   2.0000000e+01   4.0000000e+01   6.0000000e+01   8.0000000e+01   1.0000000e+02   1.2000000e+02   1.4000000e+02   1.6000000e+02   1.8000000e+02   2.0000000e+02   2.2000000e+02
  -2.2302369e-03  -2.2819954e-03  -2.2998294e-03  -2.3199661e-03  -2.3423583e-03  -2.3812780e-03  -2.3220454e-03  -2.2880307e-03  -2.1524752e-03  -1.8421092e-03  -6.1952081e-04  -0.0000000e+00
   8.5545059e-03   9.2626691e-03   1.0137403e-02   1.1237360e-02   1.2515197e-02   1.4183713e-02   1.6356298e-02   1.9140241e-02   2.2716375e-02   2.7684251e-02   3.5888293e-02   4.1344035e-02
   1.8766734e-02   2.0016977e-02   2.1482326e-02   2.3133378e-02   2.4934752e-02   2.6914858e-02   2.9229037e-02   3.1999468e-02   3.5497620e-02   3.9958261e-02   4.7312723e-02   5.2143341e-02
   2.7829028e-02   2.9254144e-02   3.0783311e-02   3.2445131e-02   3.4294317e-02   3.6389263e-02   3.8788523e-02   4.1574781e-02   4.4876109e-02   4.9261765e-02   5.6332721e-02   6.0782735e-02
   3.5515960e-02   3.7007272e-02   3.8627820e-02   4.0389047e-02   4.2331406e-02   4.4464717e-02   4.6868477e-02   4.9625706e-02   5.2896112e-02   5.7436783e-02   6.4296323e-02   6.8499340e-02
   4.2467256e-02   4.4042103e-02   4.5720886e-02   4.7532298e-02   4.9498617e-02   5.1672963e-02   5.4104210e-02   5.6847723e-02   6.0158186e-02   6.5027019e-02   7.1669986e-02   7.5595007e-02
   4.8922412e-02   5.0526681e-02   5.2229486e-02   5.4076002e-02   5.6092434e-02   5.8312805e-02   6.0756939e-02   6.3548161e-02   6.6998862e-02   7.2209048e-02   7.8648150e-02   8.2225937e-02
   5.4908955e-02   5.6555951e-02   5.8332095e-02   6.0217568e-02   6.2272754e-02   6.4514754e-02   6.7015737e-02   6.9929825e-02   7.3613530e-02   7.9112082e-02   8.5308213e-02   8.8509740e-02
   6.0591070e-02   6.2287631e-02   6.4090588e-02   6.6017621e-02   6.8109302e-02   7.0420221e-02   7.3032017e-02   7.6111547e-02   8.0151511e-02   8.5772229e-02   9.1642178e-02   9.4549335e-02
   6.6019727e-02   6.7751687e-02   6.9571459e-02   7.1556062e-02   7.3712507e-02   7.6132385e-02   7.8899118e-02   8.2184001e-02   8.6617702e-02   9.2236274e-02   9.7712708e-02   1.0038845e-01
   7.1219193e-02   7.2972734e-02   7.4862601e-02   7.6911441e-02   7.9174910e-02   8.1736943e-02   8.4668507e-02   8.8191901e-02   9.2940751e-02   9.8514471e-02   1.0357498e-01   1.0604947e-01
   7.6214134e-02   7.8032707e-02   8.0000327e-02   8.2148375e-02   8.4545173e-02   8.7261841e-02   9.0376066e-02   9.4161999e-02   9.9101128e-02   1.0458029e-01   1.0924144e-01   1.1153159e-01
